-8001
-4439
-8001
-8001
-8001
-8001
-8001
-8001
-8001
-946
-932
-8001
-8001
-8001
-8001
-8001
-8001
-8001
0
0
-5859
2147475648
2147475648
2147475648
2147475648
0
0
0
2147475648
2147475648
-8001
-8001
2147475648
-8001
2147475648
2147475648
2147475648
2147475648
2147475648
0
-8001
-8001
-8001
2147475648
-8001
2147475648
-8001
-8001
-58
-79
-76
-79
-80
-84
-80
-108
-1298
-1363
-120
-332
2147475648
2147475648
2147475648
2147475648
-67
-79
-78
-85
-78
-83
-83
-80
-88
-94
-81
-91
-93
-99
-89
-93
-74
-74
-73
-81
-70
-79
-73
-75
-80
-86
-88
-91
-88
-92
-92
-94
-76
-78
-78
-7621
-75
-80
-82
-84
-7714
-85
-81
-86
-79
-84
-84
-88
-33
-41
-21
-39
-38
-40
-44
-44
-42
-49
-46
-47
-41
-56
-49
-56
-8001
-5011
-8001
-8001
-8001
-8001
-8001
-8001
-8001
-8001
-8001
-8001
-8001
-8001
-8001
-8001
-655
-660
-664
-667
-667
-670
-671
-676
-666
-673
-684
-695
-682
-686
-680
-681
-682
-693
-686
-693
-686
-695
-691
-698
-702
-705
-694
-700
-699
-706
-699
-710
-694
-700
-703
-695
-695
-703
-696
-705
-708
-718
-703
-731
-717
-706
-713
-730
-702
-704
-708
-713
-713
-713
-715
-719
-717
-717
-720
-723
-715
-727
-731
-742
-1607
-1189
-729
-735
-731
-732
-737
-738
-743
-741
-744
-749
-743
-753
-747
-756
-1923
-1327
-1328
-798
-781
-2104
-8001
-8001
-8001
-8001
-8001
-8001
-8001
-8001
-8001
-8001
-8001
2147475648
2147475648
-8001
2147475648
2147475648
0
-8001
-8001
-8001
-8001
0
-8001
0
2147475648
2147475648
-8001
-4438
-8001
-8001
-8001
-8001
-8001
-8001
-8001
-8001
-8001
-8001
-8001
-8001
-8001
-8001
2147475648
2147475648
2147475648
2147475648
2147475648
2147475648
2147475648
2147475648
-634
-653
-516
-410
-126
-75
-68
-97
-78
-88
-82
-80
-69
-78
-72
-71
-70
-77
-72
-78
-75
-73
-73
-80
-66
-77
-67
-73
-65
-70
-62
-70
-65
-72
-67
-79
-72
-77
-77
-97
-63
-67
-62
-63
-58
-62
-60
-62
-60
-66
-53
-70
-67
-73
-70
-73
-56
-67
-57
-61
-60
-64
-60
-60
-59
-68
-65
-74
-70
-75
-73
-79
-61
-65
-62
-68
-59
-63
-63
-62
-62
-63
-68
-68
-66
-67
-65
-78
-55
-52
-57
-55
-55
-62
-58
-62
-62
-61
-61
-64
-62
-68
-65
-71
-8001
-4440
-8001
-8001
-8001
-8001
-8001
-8001
-8001
-8001
-8001
-8001
-8001
-8001
-8001
-8001
-51
-60
-50
-55
-53
-42
-45
-45
-60
-60
-63
-59
-68
-60
-64
-523
-141
-147
-148
-139
-133
-140
-126
-7880
-141
-1280
-1219
-152
-494
-299
-334
-1100
-131
-133
-130
-134
-131
-8687
-126
-133
-131
-135
-134
-141
-144
-151
-146
-156
-119
-130
-121
-131
-125
-126
-126
-125
-127
-130
-131
-131
-130
-143
-137
-143
-7035
-122
-116
-124
-121
-122
-120
-127
-124
-124
-128
-131
-133
-138
-132
-135
-120
-120
-8264
-122
-8073
-8102
-8505
-125
-116
-127
-121
-130
-123
-132
-122
-137
-115
-121
-114
-121
-119
-9002
-113
-125
-7643
-130
-117
-122
-124
-131
-130
-137
-8001
-4441
-8001
-8001
-8001
-8001
-8001
-8001
-8001
-8001
-8001
-8001
-8001
-8001
-8001
-8001
-111
-122
-117
-119
-112
-122
-121
-124
-123
-127
-126
-133
-130
-132
-128
-146
-132
-131
-127
-132
-132
-140
-131
-135
-137
-144
-134
-141
-137
-141
-139
-145
-123
-128
-126
-131
-131
-132
-130
-138
-131
-136
-134
-136
-138
-142
-134
-146
-133
-137
-133
-136
-132
-135
-133
-138
-138
-139
-143
-146
-146
-147
-152
-154
-143
-142
-136
-142
-137
-137
-128
-129
-148
-138
-146
-138
-147
-152
-159
-163
-1471
-1548
-1436
-933
-135
-142
-135
-144
-138
-140
-144
-149
-148
-152
-149
-156
-1695
2147475648
-3882
-1528
-1515
-495
-8001
-8001
-8001
-8001
-8001
-8001
-8001
-8001
-8001
-8001
-8001
-4443
-8001
-8001
-8001
-8001
-8001
-8001
-8001
-8001
-8001
-8001
-8001
-8001
-8001
-8001
-1450
-115
-1182
-119
-120
-120
-117
-129
-131
-128
-135
-137
-138
-144
-140
-151
-140
-145
-138
-141
-142
-141
-135
-138
-140
-138
-139
-150
-149
-152
-150
-148
-119
-127
-124
-134
-125
-131
-132
-135
-132
-134
-131
-135
-135
-137
-137
-145
-123
-125
-8143
-130
-9777
-7705
-8220
-8308
-126
-131
-133
-139
-138
-145
-130
-140
-121
-125
-123
-125
-125
-129
-128
-130
-132
-135
-136
-133
-140
-142
-146
-151
-131
-139
-131
-134
-133
-135
-127
-131
-135
-133
-136
-139
-141
-144
-140
-143
-115
-124
-114
-131
-119
-129
-118
-129
-131
-130
-125
-130
-133
-138
-124
-137
-8001
-4442
-8001
-8001
-8001
-8001
-8001
-8001
-8001
-8001
-8001
-4442
-8001
-8001
-8001
-8001
-138
-129
-128
-132
-134
-138
-123
-134
-140
-136
-138
-138
-144
-149
-150
-153
-149
-153
-148
-151
-144
-148
-138
-149
-149
-147
-151
-165
-151
-151
-140
-939
-8001
-8001
-8001
-8001
-8001
-8001
-8001
-8001
-8001
-8001
-8001
-8001
-8001
-8001
-8001
-8001
-7832
-7972
-7935
-306
-7512
2147475648
-7904
-825
-324
-8001
-8001
-8001
-8001
-8001
-8001
-8001
2147475648
2147475648
-4201
-2243
-8002
-2347
-7958
-8028
2147475648
-2283
-7047
-5018
-5018
-7691
-7380
-7181
-8001
-8001
-8001
-8001
-8001
-8001
-8001
-8001
-8001
-8001
-8001
-8001
-8001
-8001
-8001
-8001
-8001
-8001
-8001
-8001
-8001
-8001
-8001
-8001
-8001
-8001
-8001
-8001
-8001
-8001
-8001
-8001
